[-584 -584 -584 ...    0    0    0]
[-397 -397 -397 ...    0    0    0]
[-673 -673 -780 ...    0    0    0]
[-1498 -1498 -1590 ...     0     0     0]
[-2314 -2314 -2365 ...     0     0     0]
[-2640 -2640 -2775 ...     0     0     0]
[-2147 -2147 -2294 ...     0     0     0]
[-1838 -1838 -1876 ...     0     0     0]
[-1853 -1853 -2002 ...     0     0     0]
[-1348 -1348 -1335 ...     0     0     0]
[-1522 -1522 -1672 ...     0     0     0]
[-1031 -1031 -1260 ...     0     0     0]
[-1481 -1481 -1582 ...     0     0     0]
[-1350 -1350 -1393 ...     0     0     0]
[-789 -777 -777 ...    0    0    0]
[-846 -922 -922 ...    0    0    0]
[-1368 -1523 -1523 ...     0     0     0]
[-1674 -1745 -1745 ...     0     0     0]
[-1005 -1069 -1069 ...     0     0     0]
[-394 -567 -567 ...    0    0    0]
[ -40 -169 -169 ...    0    0    0]
[ -995 -1194 -1377 ...     0     0     0]
[-1839 -2039 -2183 ...     0     0     0]
[-2620 -2897 -3099 ...     0     0     0]
[-3408 -3514 -3519 ...     0     0     0]
[-3323 -3393 -3397 ...     0     0     0]
[-3469 -3389 -3250 ...     0     0     0]
[-3434 -3357 -3230 ...     0     0     0]
[-3862 -3896 -3868 ...     0     0     0]
[-3401 -3455 -3449 ...     0     0     0]
[-2433 -2539 -2668 ...     0     0     0]
[-2329 -2414 -2465 ...     0     0     0]
[-2931 -2970 -2796 ...     0     0     0]
[-3337 -3464 -3383 ...     0     0     0]
[-2693 -2720 -2625 ...     0     0     0]
[-2663 -2896 -2889 ...     0     0     0]
[-1867 -2216 -2382 ...     0     0     0]
[-1461 -1497 -1532 ...     0     0     0]
[-1130 -1026  -966 ...     0     0     0]
[-1608 -1514 -1351 ...     0     0     0]
[-2422 -1910 -1064 ...     0     0     0]
[-2742 -1614  -800 ...     0     0     0]
[-3359 -2114  -988 ...     0     0     0]
[-2771 -1909  -551 ...     0     0     0]
[-2718 -1903  -556 ...     0     0     0]
[-1880 -1627  -764 ...     0     0     0]
[-3778 -2839  -530 ...     0     0     0]
[-2077 -1737  -872 ...     0     0     0]
[-1944 -1587  -755 ...     0     0     0]
[-1546 -2408 -2098 ...     0     0     0]
